# Wavelength, (Rp/Rs)^2, Rp/Rs
1.258925411794167282e+01	1.456880166720957333e-02	1.207012910751561613e-01
1.250241722755519902e+01	1.454771010594884881e-02	1.206138885284312873e-01
1.241617931193412261e+01	1.458213660384831065e-02	1.207565178524468291e-01
1.233053623953060018e+01	1.452058904306432856e-02	1.205014068094822227e-01
1.224548390729492020e+01	1.450899481231838518e-02	1.204532889227952347e-01
1.216101824047899171e+01	1.450109669505616171e-02	1.204204994801805345e-01
1.207713519244111033e+01	1.448476586446328061e-02	1.203526728596555906e-01
1.199383074445208841e+01	1.447976368167116015e-02	1.203318897120425057e-01
1.191110090550272638e+01	1.445602178718999146e-02	1.202331975254338492e-01
1.182894171211260215e+01	1.442815337444641396e-02	1.201172484468671781e-01
1.174734922814019455e+01	1.449971176086182686e-02	1.204147489340978844e-01
1.166631954459428933e+01	1.442065701355584734e-02	1.200860400444441617e-01
1.158584877944675462e+01	1.444480424787518945e-02	1.201865393788971309e-01
1.150593307744648541e+01	1.439553085655034641e-02	1.199813771239117977e-01
1.142656860993475121e+01	1.434682456999124799e-02	1.197782307850272371e-01
1.134775157466176232e+01	1.444115686380807381e-02	1.201713645749605125e-01
1.126947819560449915e+01	1.437888532012816627e-02	1.199119898931218925e-01
1.119174472278581867e+01	1.444748099982738447e-02	1.201976746856085604e-01
1.111454743209479190e+01	1.437569433677150614e-02	1.198986836323547994e-01
1.103788262510827245e+01	1.439752645429005252e-02	1.199896931169092268e-01
1.096174662891376528e+01	1.439520247755646937e-02	1.199800086579279612e-01
1.088613579593338088e+01	1.436441508918457136e-02	1.198516378243725533e-01
1.081104650374914300e+01	1.430591075860613431e-02	1.196073190009964843e-01
1.073647515492942084e+01	1.438057345585608965e-02	1.199190287479684758e-01
1.066241817685659043e+01	1.433246036392637687e-02	1.197182540965511105e-01
1.058887202155586316e+01	1.441539777118053950e-02	1.200641402383764988e-01
1.051583316552532033e+01	1.432550977860157747e-02	1.196892216475718279e-01
1.044329810956709714e+01	1.436131558171897978e-02	1.198387065255586831e-01
1.037126337861973724e+01	1.429095665294692792e-02	1.195447893174224757e-01
1.029972552159173738e+01	1.433371492029019215e-02	1.197234936020921126e-01
1.022868111119616152e+01	1.429855265725152487e-02	1.195765556338345276e-01
1.015812674378647706e+01	1.430821767836822425e-02	1.196169623354824407e-01
1.008805903919347990e+01	1.434345433156103411e-02	1.197641612986165144e-01
1.001847464056336001e+01	1.436797516730815329e-02	1.198664889254213300e-01
9.949370214196871842e+00	1.433970224311828696e-02	1.197484957864535654e-01
9.880742449389632753e+00	1.436589499449615268e-02	1.198578115706112474e-01
9.812588058273490788e+00	1.433473041522585929e-02	1.197277345280777366e-01
9.744903775659038203e+00	1.438254483390257257e-02	1.199272480877576624e-01
9.677686358879146411e+00	1.441089914024063813e-02	1.200454044944688353e-01
9.610932587633637780e+00	1.445059336730408414e-02	1.202106208589910075e-01
9.544639263834985954e+00	1.434619339668158008e-02	1.197755959980228158e-01
9.478803211455135269e+00	1.444254653426309092e-02	1.201771464724599447e-01
9.413421276373290070e+00	1.449018903986293641e-02	1.203752010999896011e-01
9.348490326224847990e+00	1.444336952479734378e-02	1.201805704962218280e-01
9.284007250251310239e+00	1.450192573478923004e-02	1.204239417009310142e-01
9.219968959151248811e+00	1.448185255294663284e-02	1.203405690236947212e-01
9.156372384932330633e+00	1.446216108697532740e-02	1.202587256167939184e-01
9.093214480764286733e+00	1.449499919808995042e-02	1.203951792975530705e-01
9.030492220832977424e+00	1.450583029809643723e-02	1.204401523500217008e-01
8.968202600195416707e+00	1.452685988659929706e-02	1.205274237947501215e-01
8.906342634635821653e+00	1.449693187538022426e-02	1.204032054198733714e-01
8.844909360522619224e+00	1.449208334775720954e-02	1.203830691906349892e-01
8.783899834666485162e+00	1.460217073494121838e-02	1.208394419671872666e-01
8.723311134179320803e+00	1.450382248399533988e-02	1.204318167428995445e-01
8.663140356334247727e+00	1.452580610995250071e-02	1.205230521931489329e-01
8.603384618426510144e+00	1.453775396023086926e-02	1.205726086647828516e-01
8.544041057635384462e+00	1.460740040651596280e-02	1.208610789564447119e-01
8.485106830887026774e+00	1.459052733606469587e-02	1.207912552135488593e-01
8.426579114718267149e+00	1.459603806764026880e-02	1.208140640308083824e-01
8.368455105141329398e+00	1.467537201859715236e-02	1.211419498712033721e-01
8.310732017509502967e+00	1.463196593327636616e-02	1.209626633853453370e-01
8.253407086383731439e+00	1.463460740865175393e-02	1.209735814492228501e-01
8.196477565400124732e+00	1.465151309218353133e-02	1.210434347339149619e-01
8.139940727138396781e+00	1.463395964836723163e-02	1.209709041396617446e-01
8.083793862991175416e+00	1.468006208232121995e-02	1.211613060441377870e-01
8.028034283034250151e+00	1.462708338072032585e-02	1.209424796368931965e-01
7.972659315897694832e+00	1.464438875972389961e-02	1.210140023291680911e-01
7.917666308637905104e+00	1.465318838884116862e-02	1.210503547654494388e-01
7.863052626610468110e+00	1.465670974356979815e-02	1.210648988913376051e-01
7.808815653343962104e+00	1.468031797906397921e-02	1.211623620563084675e-01
7.754952790414593622e+00	1.470322756782821774e-02	1.212568660646819590e-01
7.701461457321730819e+00	1.464468457184864292e-02	1.210152245457101206e-01
7.648339091364241504e+00	1.466025781109846736e-02	1.210795515811752127e-01
7.595583147517748657e+00	1.472112402804188862e-02	1.213306392797873917e-01
7.543191098312671095e+00	1.459895163842671838e-02	1.208261215070098871e-01
7.491160433713178968e+00	1.461957710162443795e-02	1.209114432203355904e-01
7.439488660996891767e+00	1.463621996336756173e-02	1.209802461700568710e-01
7.388173304635492045e+00	1.464971951615504780e-02	1.210360256954723657e-01
7.337211906176100307e+00	1.468740596187819575e-02	1.211916084631200624e-01
7.286602024123522980e+00	1.470041219547013611e-02	1.212452563833741753e-01
7.236341233823252672e+00	1.469720540019254021e-02	1.212320312466657474e-01
7.186427127345324628e+00	1.460788979439156185e-02	1.208631035278821680e-01
7.136857313368950351e+00	1.470026949699760992e-02	1.212446679116142012e-01
7.087629417067948800e+00	1.472259249217426798e-02	1.213366906264311679e-01
7.038741079996991168e+00	1.465160771801904058e-02	1.210438256088225278e-01
6.990189959978579282e+00	1.463832138385749021e-02	1.209889308319463119e-01
6.941973730990857128e+00	1.470821286618873881e-02	1.212774210897838156e-01
6.894090083056165774e+00	1.471355476127200745e-02	1.212994425431213885e-01
6.846536722130386110e+00	1.473387565545181133e-02	1.213831769869771204e-01
6.799311369993016996e+00	1.472056008254932907e-02	1.213283152547224991e-01
6.752411764138042116e+00	1.470654004663830318e-02	1.212705242284303070e-01
6.705835657665523364e+00	1.469771705277431346e-02	1.212341414485800378e-01
6.659580819173978483e+00	1.473448656119995433e-02	1.213856933958856327e-01
6.613645032653447942e+00	1.473938969391331774e-02	1.214058882176367871e-01
6.568026097379346950e+00	1.468499773432331915e-02	1.211816724357413638e-01
6.522721827807026251e+00	1.463749217455565139e-02	1.209855039852116010e-01
6.477730053467074534e+00	1.461732771587821202e-02	1.209021410723491313e-01
6.433048618861315404e+00	1.449327684481633953e-02	1.203880261687861469e-01
6.388675383359555759e+00	1.442238052118696712e-02	1.200932159665439453e-01
6.344608221097025158e+00	1.439096866108695479e-02	1.199623635190927434e-01
6.300845020872527513e+00	1.442187355206506032e-02	1.200911052162692838e-01
6.257383686047305105e+00	1.444492064122334524e-02	1.201870235974888679e-01
6.214222134444575829e+00	1.441359859224888851e-02	1.200566474304896186e-01
6.171358298249791652e+00	1.448690479463256645e-02	1.203615586249719843e-01
6.128790123911561416e+00	1.448388831685134756e-02	1.203490270706470966e-01
6.086515572043286859e+00	1.443537387157543470e-02	1.201473007252990000e-01
6.044532617325433677e+00	1.452627920225178434e-02	1.205250148402885885e-01
6.002839248408515793e+00	1.448187475592414147e-02	1.203406612742515258e-01
5.961433467816731557e+00	1.452948147349886199e-02	1.205382987829961977e-01
5.920313291852271398e+00	1.452943262952397993e-02	1.205380961751262303e-01
5.879476750500271187e+00	1.457395858726977592e-02	1.207226515086119861e-01
5.838921887334437955e+00	1.455587450571125749e-02	1.206477289703840883e-01
5.798646759423318642e+00	1.458786474738442591e-02	1.207802332643236193e-01
5.758649437237224333e+00	1.453004854716483454e-02	1.205406510151858929e-01
5.718928004555772660e+00	1.455625534294678267e-02	1.206493072626062951e-01
5.679480558376098109e+00	1.459517227946787073e-02	1.208104808345197845e-01
5.640305208821676075e+00	1.457197453527242330e-02	1.207144338315531418e-01
5.601400079051777503e+00	1.459894268016872013e-02	1.208260844361378761e-01
5.562763305171567474e+00	1.459418897660131990e-02	1.208064111568641907e-01
5.524393036142789093e+00	1.463931783344125763e-02	1.209930486988457371e-01
5.486287433695090421e+00	1.457167422314060816e-02	1.207131899302665567e-01
5.448444672237956254e+00	1.455300326214862411e-02	1.206358290979451242e-01
5.410862938773252750e+00	1.464959526406820964e-02	1.210355124088307033e-01
5.373540432808355582e+00	1.453311562445017829e-02	1.205533725137964696e-01
5.336475366269897158e+00	1.456021639109431748e-02	1.206657216905211993e-01
5.299665963418101811e+00	1.455907321225725394e-02	1.206609846315587348e-01
5.263110460761720510e+00	1.451891775758768280e-02	1.204944718963807254e-01
5.226807106973530459e+00	1.454246687191640061e-02	1.205921509548461418e-01
5.190754162806435978e+00	1.447083833712088478e-02	1.202947976311564554e-01
5.154949901010146718e+00	1.447001801648293770e-02	1.202913879564241201e-01
5.119392606248432287e+00	1.449638504072991128e-02	1.204009345508991885e-01
5.084080575016925785e+00	1.439527695136396529e-02	1.199803190167619271e-01
5.049012115561526848e+00	1.440341073228387087e-02	1.200142105431013934e-01
5.014185547797342934e+00	1.446641767494079474e-02	1.202764219410470958e-01
4.979599203228207926e+00	1.444565916816441774e-02	1.201900959653681988e-01
4.945251424866736301e+00	1.443773690382080081e-02	1.201571342194078795e-01
4.911140567154943959e+00	1.441881170663787855e-02	1.200783565287178584e-01
4.877264995885409959e+00	1.442463848673178513e-02	1.201026164857859624e-01
4.843623088122986253e+00	1.441967367938118069e-02	1.200819456845248628e-01
4.810213232127043881e+00	1.441949619583586008e-02	1.200812066721344273e-01
4.777033827274258293e+00	1.453161302863256038e-02	1.205471402756305987e-01
4.744083283981919585e+00	1.448233261281473006e-02	1.203425635958231127e-01
4.711360023631779192e+00	1.459242563022163791e-02	1.207991127046123547e-01
4.678862478494433041e+00	1.461131825217766925e-02	1.208772859232770391e-01
4.646589091654193204e+00	1.471361418264430926e-02	1.212996874795821967e-01
4.614538316934512885e+00	1.476347558520702333e-02	1.215050434558459930e-01
4.582708618823900792e+00	1.483790011842737316e-02	1.218109195369092290e-01
4.551098472402372863e+00	1.488922863806207107e-02	1.220214269628989018e-01
4.519706363268374716e+00	1.495794865655524983e-02	1.223026927608515529e-01
4.488530787466243233e+00	1.499628834256692619e-02	1.224593334236591669e-01
4.457570251414145091e+00	1.501916472942191154e-02	1.225527018446427863e-01
4.426823271832534878e+00	1.504423125704673105e-02	1.226549275693672725e-01
4.396288375673073290e+00	1.502736112403751587e-02	1.225861375688030858e-01
4.365964100048071117e+00	1.504803553566128743e-02	1.226704346436470749e-01
4.335848992160396875e+00	1.506318042134488673e-02	1.227321490944605215e-01
4.305941609233875589e+00	1.506261974492527009e-02	1.227298649266969216e-01
4.276240518444174299e+00	1.498365447297903864e-02	1.224077386155754399e-01
4.246744296850146760e+00	1.486517605234419920e-02	1.219228282658510187e-01
4.217451531325666636e+00	1.465736875738289126e-02	1.210676205985022763e-01
4.188360818491926096e+00	1.434074245148873536e-02	1.197528390122285791e-01
4.159470764650209595e+00	1.417594652667676126e-02	1.190627839699574669e-01
4.130779985715108182e+00	1.407503454388056748e-02	1.186382507620563631e-01
4.102287107148221423e+00	1.407800229827561173e-02	1.186507576810009734e-01
4.073990763892299860e+00	1.409453027228070067e-02	1.187203869277753815e-01
4.045889600305852873e+00	1.396522205220225403e-02	1.181745406261528603e-01
4.017982270098193531e+00	1.396242275576097501e-02	1.181626961259812092e-01
3.990267436264943512e+00	1.394614197560064064e-02	1.180937846611778280e-01
3.962743771023977679e+00	1.390107217128535091e-02	1.179028081569109682e-01
3.935409955751816735e+00	1.386791542493867602e-02	1.177621137078418562e-01
3.908264680920448875e+00	1.388284185060228992e-02	1.178254719939720446e-01
3.881306646034588859e+00	1.391088266496937412e-02	1.179444049752652462e-01
3.854534559569380736e+00	1.392256860732907393e-02	1.179939346209332718e-01
3.827947138908518898e+00	1.396985611930508936e-02	1.181941458757796853e-01
3.801543110282795901e+00	1.396711175293592448e-02	1.181825357357673412e-01
3.775321208709085941e+00	1.400478789625398367e-02	1.183418264868933978e-01
3.749280177929732449e+00	1.401247529086683402e-02	1.183743016489087196e-01
3.723418770352370899e+00	1.403976416515735452e-02	1.184895107811546056e-01
3.697735746990149508e+00	1.409980718091274031e-02	1.187426089527796325e-01
3.672229877402378939e+00	1.416191143286154794e-02	1.190038294882208719e-01
3.646899939635574572e+00	1.420471005608666543e-02	1.191835141959099315e-01
3.621744720164926878e+00	1.421417136575777070e-02	1.192231997798992582e-01
3.596763013836149714e+00	1.423556227910438565e-02	1.193128755797310675e-01
3.571953623807753164e+00	1.424831705624941304e-02	1.193663145793209673e-01
3.547315361493695640e+00	1.429633151796904332e-02	1.195672677532151479e-01
3.522847046506448976e+00	1.432050429718036491e-02	1.196683094941194681e-01
3.498547506600440116e+00	1.432696817777826502e-02	1.196953139340812544e-01
3.474415577615896922e+00	1.436080288982074377e-02	1.198365674150454890e-01
3.450450103423067461e+00	1.436034236198716757e-02	1.198346459167262956e-01
3.426649935866838970e+00	1.439150742685987167e-02	1.199646090597550896e-01
3.403013934711725419e+00	1.438787068075041663e-02	1.199494505229199287e-01
3.379540967587241873e+00	1.437164866397248192e-02	1.198818112307804690e-01
3.356229909933656330e+00	1.449545288965750460e-02	1.203970634594444949e-01
3.333079644948110598e+00	1.455239039564523024e-02	1.206332889199545483e-01
3.310089063531117315e+00	1.449580894611174689e-02	1.203985421261891675e-01
3.287257064233423787e+00	1.441676905624415979e-02	1.200698507379940050e-01
3.264582553203243975e+00	1.441142369625171039e-02	1.200475892979601250e-01
3.242064444133851087e+00	1.448657996736430267e-02	1.203602092361271275e-01
3.219701658211536532e+00	1.448324836781784627e-02	1.203463683200197143e-01
3.197493124063924608e+00	1.457864439416038833e-02	1.207420572715256907e-01
3.175437777708643772e+00	1.456029988599228699e-02	1.206660676660687714e-01
3.153534562502352312e+00	1.455802423712745236e-02	1.206566377665458240e-01
3.131782429090118836e+00	1.456437391659138637e-02	1.206829479114236159e-01
3.110180335355143821e+00	1.457118257291348078e-02	1.207111534735439418e-01
3.088727246368839108e+00	1.460415824079768117e-02	1.208476654337918149e-01
3.067422134341240447e+00	1.458024451876291545e-02	1.207486833003280219e-01
3.046263978571771336e+00	1.465490611761748226e-02	1.210574496576624637e-01
3.025251765400339909e+00	1.467852694510604801e-02	1.211549707816647892e-01
3.004384488158778233e+00	1.465894533686141511e-02	1.210741315759126802e-01
2.983661147122611990e+00	1.468446019293547476e-02	1.211794545000738771e-01
2.963080749463164132e+00	1.466788760200898878e-02	1.211110548298915124e-01
2.942642309199995143e+00	1.470787548587373754e-02	1.212760301373430466e-01
2.922344847153658165e+00	1.471113581961812009e-02	1.212894711820367427e-01
2.902187390898795183e+00	1.474738623065099778e-02	1.214388168200390417e-01
2.882168974717543186e+00	1.469303576167828480e-02	1.212148330926470646e-01
2.862288639553273395e+00	1.472539851504975177e-02	1.213482530366620099e-01
2.842545432964637797e+00	1.476426632688871213e-02	1.215082973581998321e-01
2.822938409079946975e+00	1.477987707580406471e-02	1.215725177653406430e-01
2.803466628551845918e+00	1.475586589188045833e-02	1.214737251090969861e-01
2.784129158512318458e+00	1.473908600818692009e-02	1.214046375069211259e-01
2.764925072527988359e+00	1.478226334372742708e-02	1.215823315442150360e-01
2.745853450555741926e+00	1.478914350669413742e-02	1.216106225076335062e-01
2.726913378898643270e+00	1.478669459355822641e-02	1.216005534262004362e-01
2.708103950162165763e+00	1.479585505078299251e-02	1.216382137766869459e-01
2.689424263210714372e+00	1.475841174152109705e-02	1.214842036707698830e-01
2.670873423124459745e+00	1.467297319928370820e-02	1.211320486051635642e-01
2.652450541156459174e+00	1.461974690922519284e-02	1.209121454165179854e-01
2.634154734690077326e+00	1.457299455171102813e-02	1.207186586725972066e-01
2.615985127196707172e+00	1.456843905373261805e-02	1.206997889547973407e-01
2.597940848193768471e+00	1.453862936838627024e-02	1.205762388216943398e-01
2.580021033203010905e+00	1.455534359942753549e-02	1.206455287170955792e-01
2.562224823709092991e+00	1.455213091699046266e-02	1.206322134298731252e-01
2.544551367118456753e+00	1.452877769845610685e-02	1.205353794470988837e-01
2.526999816718475067e+00	1.449188185576699185e-02	1.203822323092863661e-01
2.509569331636893441e+00	1.453105373985918124e-02	1.205448204605207435e-01
2.492259076801537798e+00	1.441617275470500475e-02	1.200673675679824470e-01
2.475068222900314030e+00	1.441688900288194339e-02	1.200703502238664455e-01
2.457995946341471338e+00	1.433239945477501193e-02	1.197179997108831218e-01
2.441041429214149350e+00	1.427493416674480153e-02	1.194777559495691227e-01
2.424203859249188131e+00	1.422677492526958076e-02	1.192760450604796879e-01
2.407482429780219313e+00	1.419111873265913731e-02	1.191264820795910895e-01
2.390876339705013454e+00	1.413840362179450034e-02	1.189050193296923019e-01
2.374384793447105846e+00	1.411573196968108658e-02	1.188096459454411752e-01
2.358007000917678564e+00	1.408037155301947001e-02	1.186607414144184025e-01
2.341742177477709408e+00	1.403171251772961266e-02	1.184555297051581857e-01
2.325589543900378420e+00	1.398756605019877038e-02	1.182690409625391792e-01
2.309548326333738633e+00	1.396617360104921921e-02	1.181785665890783266e-01
2.293617756263643059e+00	1.399421166860620805e-02	1.182971329686658413e-01
2.277797070476921704e+00	1.397252086049423185e-02	1.182054180674229210e-01
2.262085511024821471e+00	1.393835857257167549e-02	1.180608257322117577e-01
2.246482325186690332e+00	1.394112428535776264e-02	1.180725382354329001e-01
2.230986765433918606e+00	1.391879456632402930e-02	1.179779410157849318e-01
2.215598089394122727e+00	1.393615583571189073e-02	1.180514965416020884e-01
2.200315559815583022e+00	1.392599166940136461e-02	1.180084389753604246e-01
2.185138444531916857e+00	1.389581652078948452e-02	1.178805179866015268e-01
2.170066016427008915e+00	1.391740675670623956e-02	1.179720592204198115e-01
2.155097553400169730e+00	1.398626426992746231e-02	1.182635373643434601e-01
2.140232338331545137e+00	1.398240771226091743e-02	1.182472313090709021e-01
2.125469659047756199e+00	1.404043860090754305e-02	1.184923567193578164e-01
2.110808808287784277e+00	1.406242120101480406e-02	1.185850800101547475e-01
2.096249083669081692e+00	1.411114150358044536e-02	1.187903257996224399e-01
2.081789787653927082e+00	1.415903231316115347e-02	1.189917321210224033e-01
2.067430227516002805e+00	1.424403311055962192e-02	1.193483686966839985e-01
2.053169715307210819e+00	1.426561361073088244e-02	1.194387441776364328e-01
2.039007567824711042e+00	1.433992427460358682e-02	1.197494228570793046e-01
2.024943106578190211e+00	1.432275850058263057e-02	1.196777276713701238e-01
2.010975657757359869e+00	1.439923973533023711e-02	1.199968321887300432e-01
1.997104552199669980e+00	1.438940461171732410e-02	1.199558444250105049e-01
1.983329125358254341e+00	1.436353428886204785e-02	1.198479632236695430e-01
1.969648717270090055e+00	1.434306531667700266e-02	1.197625372003991995e-01
1.956062672524381929e+00	1.433176749535865907e-02	1.197153603150350049e-01
1.942570340231160264e+00	1.437079583824968712e-02	1.198782542342425317e-01
1.929171073990099794e+00	1.430948151899750359e-02	1.196222450842547302e-01
1.915864231859548239e+00	1.430689410635783455e-02	1.196114296643838032e-01
1.902649176325777347e+00	1.427733561590772450e-02	1.194878053020797803e-01
1.889525274272433331e+00	1.436404705050784054e-02	1.198501024217661637e-01
1.876491896950211569e+00	1.439503600699728464e-02	1.199793149130185949e-01
1.863548419946728485e+00	1.443522035790760667e-02	1.201466618675176012e-01
1.850694223156612361e+00	1.439158643325719363e-02	1.199649383497411459e-01
1.837928690751788885e+00	1.439177101166615527e-02	1.199657076487533336e-01
1.825251211151983854e+00	1.426563094553100729e-02	1.194388167453571542e-01
1.812661176995417289e+00	1.427507758549550164e-02	1.194783561382374432e-01
1.800157985109708036e+00	1.430544913632358049e-02	1.196053892444800398e-01
1.787741036482979773e+00	1.421914425080763981e-02	1.192440533142329895e-01
1.775409736235156855e+00	1.418808587124249614e-02	1.191137518141482110e-01
1.763163493589469555e+00	1.408684400423040710e-02	1.186880112068207510e-01
1.751001721844146930e+00	1.405158261313761529e-02	1.185393715739104792e-01
1.738923838344312633e+00	1.395835155580180294e-02	1.181454677751195143e-01
1.726929264454066359e+00	1.400443496998458534e-02	1.183403353467641084e-01
1.715017425528766237e+00	1.388978907764755293e-02	1.178549493133298764e-01
1.703187750887494190e+00	1.378837458600820805e-02	1.174239097714269153e-01
1.691439673785720466e+00	1.372944097720590895e-02	1.171726972344919182e-01
1.679772631388145365e+00	1.370985066531405817e-02	1.170890715024850565e-01
1.668186064741741026e+00	1.379456229802619033e-02	1.174502545677368476e-01
1.656679418748966848e+00	1.377744261773345205e-02	1.173773513831925380e-01
1.645252142141180540e+00	1.377488252635791083e-02	1.173664454874471796e-01
1.633903687452222808e+00	1.379245912719574522e-02	1.174413007727509173e-01
1.622633510992194550e+00	1.383015711337302195e-02	1.176016883950779940e-01
1.611441072821402143e+00	1.388700742073522253e-02	1.178431475340642048e-01
1.600325836724497242e+00	1.391276822066399819e-02	1.179523981132388766e-01
1.589287270184781331e+00	1.396737234306482008e-02	1.181836382206302716e-01
1.578324844358697021e+00	1.398344697595249944e-02	1.182516256799562987e-01
1.567438034050491646e+00	1.405401382759325322e-02	1.185496260120345313e-01
1.556626317687052730e+00	1.410750535380655112e-02	1.187750199065718965e-01
1.545889177292924854e+00	1.416208431649524681e-02	1.190045558644510365e-01
1.535226098465489519e+00	1.418026238900165110e-02	1.190809069036747464e-01
1.524636570350324183e+00	1.420531253667816837e-02	1.191860417023661717e-01
1.514120085616725619e+00	1.421555932879724725e-02	1.192290204975166579e-01
1.503676140433406250e+00	1.430398065557825400e-02	1.195992502300004118e-01
1.493304234444354339e+00	1.431354763405706318e-02	1.196392395247356244e-01
1.483003870744864061e+00	1.430387547524630473e-02	1.195988105093286624e-01
1.472774555857728540e+00	1.437794765718737079e-02	1.199080800329459517e-01
1.462615799709598763e+00	1.431144790872451722e-02	1.196304639660171060e-01
1.452527115607503694e+00	1.442414887243505597e-02	1.201005781519600135e-01
1.442508020215535147e+00	1.439628766776272599e-02	1.199845309519636666e-01
1.432558033531689201e+00	1.443484834770568034e-02	1.201451137071569836e-01
1.422676678864873256e+00	1.444795224581368540e-02	1.201996349653928209e-01
1.412863482812064753e+00	1.438436790773996860e-02	1.199348485959771810e-01
1.403117975235634640e+00	1.441728844085332639e-02	1.200720135620841761e-01
1.393439689240820734e+00	1.434657393113962683e-02	1.197771845183364936e-01
1.383828161153360270e+00	1.435513127356351226e-02	1.198129011148779122e-01
1.374282930497277677e+00	1.439430614586329274e-02	1.199762732621050126e-01
1.364803539972820445e+00	1.440895711852673532e-02	1.200373155253262741e-01
1.355389535434553983e+00	1.435803549398975525e-02	1.198250203170846823e-01
1.346040465869600800e+00	1.430143859592082969e-02	1.195886223514629754e-01
1.336755883376036236e+00	1.422223973973743560e-02	1.192570322443814446e-01
1.327535343141426738e+00	1.389719619273731797e-02	1.178863698344185945e-01
1.318378403421522904e+00	1.373488285566154890e-02	1.171959165485792348e-01
1.309284625519092637e+00	1.373608955119519880e-02	1.172010646333692535e-01
1.300253573762907511e+00	1.369077419996008599e-02	1.170075818054543276e-01
1.291284815486866355e+00	1.364916617946658646e-02	1.168296459785211627e-01
1.282377921009269839e+00	1.363448012448514879e-02	1.167667766296781456e-01
1.273532463612233157e+00	1.364785058600130781e-02	1.168240154505969242e-01
1.264748019521244160e+00	1.366000222010217528e-02	1.168760121671773011e-01
1.256024167884858489e+00	1.360398451527417354e-02	1.166361201141146164e-01
1.247360490754539919e+00	1.365694293260424734e-02	1.168629236867033405e-01
1.238756573064634381e+00	1.370674651468124609e-02	1.170758152424370147e-01
1.230212002612486755e+00	1.372017906662986036e-02	1.171331680892729044e-01
1.221726370038691778e+00	1.374910104177200394e-02	1.172565607621680328e-01
1.213299268807481957e+00	1.379799664080394450e-02	1.174648740722261386e-01
1.204930295187252032e+00	1.382703430650932507e-02	1.175884105960673526e-01
1.196619048231214899e+00	1.386297318147674401e-02	1.177411278248885473e-01
1.188365129758194749e+00	1.391333173226117804e-02	1.179547868136820443e-01
1.180168144333549440e+00	1.394138944331674811e-02	1.180736610905105677e-01
1.172027699250226540e+00	1.400441034274116196e-02	1.183402312941003315e-01
1.163943404509948154e+00	1.400497843403386913e-02	1.183426315155864245e-01
1.155914872804527427e+00	1.396957384913395488e-02	1.181929517743505464e-01
1.147941719497313384e+00	1.392663812286251863e-02	1.180111779572702996e-01
1.140023562604762786e+00	1.395826754873369727e-02	1.181451122507135160e-01
1.132160022778139874e+00	1.399059585781252391e-02	1.182818492322998960e-01
1.124350723285342690e+00	1.388732443761962407e-02	1.178444926062292702e-01
1.116595289992853957e+00	1.388429732724078339e-02	1.178316482412122695e-01
1.108893351347817191e+00	1.387945270328736110e-02	1.178110890505955771e-01
1.101244538360235170e+00	1.378998388180172237e-02	1.174307620762197191e-01
1.093648484585293179e+00	1.373534759598340690e-02	1.171978992814436404e-01
1.086104826105802834e+00	1.349761623861284524e-02	1.161792418576263752e-01
1.078613201514766917e+00	1.338302472609160902e-02	1.156850237761639089e-01
1.071173251898065004e+00	1.338200892817116398e-02	1.156806333323394387e-01
1.063784620817258109e+00	1.337751058773269802e-02	1.156611887701864266e-01
1.056446954292513229e+00	1.341331213554807465e-02	1.158158544222166325e-01
1.049159900785643140e+00	1.343283402653597247e-02	1.159001036519638900e-01
1.041923111183265638e+00	1.346739561384315345e-02	1.160491086301103508e-01
1.034736238780077366e+00	1.348784304068627836e-02	1.161371733799573674e-01
1.027598939262244659e+00	1.354247138992110792e-02	1.163721246257930497e-01
1.020510870690906291e+00	1.362195658335652905e-02	1.167131380066380036e-01
1.013471693485793024e+00	1.359320761468569942e-02	1.165899121480314798e-01
1.006481070408957956e+00	1.366398955809203404e-02	1.168930689052692928e-01
9.995386665486206690e-01	1.370181088063632605e-02	1.170547345502791908e-01
9.926441493031209484e-01	1.375401835268956659e-02	1.172775270573589712e-01
9.857971883649850886e-01	1.378084380511578576e-02	1.173918387500416799e-01
9.789974557051009940e-01	1.381225844322386820e-02	1.175255650623466125e-01
9.722446255570031948e-01	1.380527381733451416e-02	1.174958459577806341e-01
9.655383744012643321e-01	1.381145154876992770e-02	1.175221321656900880e-01
9.588783809499981103e-01	1.382527348087810720e-02	1.175809231162866231e-01
9.522643261314645002e-01	1.379094542636494225e-02	1.174348560963266175e-01
9.456958930747847436e-01	1.381536055774072042e-02	1.175387619372465636e-01
9.391727670947601636e-01	1.384619313727542857e-02	1.176698480379550216e-01
9.326946356767962243e-01	1.388826753098070486e-02	1.178484939699303291e-01
9.262611884619295077e-01	1.372375990678551504e-02	1.171484524301773106e-01
9.198721172319601624e-01	1.353799770554513400e-02	1.163529015776793296e-01
9.135271158946839387e-01	1.350057279151319414e-02	1.161919652622899479e-01
9.072258804692296952e-01	1.340739519861463419e-02	1.157903070149424590e-01
9.009681090714942719e-01	1.346502098130140587e-02	1.160388770253375224e-01
8.947535018996799483e-01	1.345382257666430555e-02	1.159906141748732467e-01
8.885817612199324866e-01	1.331642829620377153e-02	1.153968296627068124e-01
8.824525913520758769e-01	1.325973665226106574e-02	1.151509298801406400e-01
8.763656986554470008e-01	1.327808410761449967e-02	1.152305693278242033e-01
8.703207915148283291e-01	1.331975949751132253e-02	1.154112624379064755e-01
8.643175803264754320e-01	1.332801546934748484e-02	1.154470245149154389e-01
8.583557774842442978e-01	1.335559624092007465e-02	1.155664148484328302e-01
8.524350973658113562e-01	1.337042775182886549e-02	1.156305658198941155e-01
8.465552563189897572e-01	1.341351722965756534e-02	1.158167398507554541e-01
8.407159726481405748e-01	1.343566876654296409e-02	1.159123322452920157e-01
8.349169666006763801e-01	1.344992517960883101e-02	1.159738124733718928e-01
8.291579603536594067e-01	1.343607951633010548e-02	1.159141040440295339e-01
8.234386780004903095e-01	1.341699510709580372e-02	1.158317534491117157e-01
8.177588455376910703e-01	1.342833630800135784e-02	1.158806985999021183e-01
8.121181908517771664e-01	1.348043839927999359e-02	1.161052901433866358e-01
8.065164437062212199e-01	1.332954111065895626e-02	1.154536318643071408e-01
8.009533357285057997e-01	1.327823589794372913e-02	1.152312279633595227e-01
7.954286003972668162e-01	1.324395095823678419e-02	1.150823659742741950e-01
7.899419730295241804e-01	1.325372303863531220e-02	1.151248150427843786e-01
7.844931907680015026e-01	1.325066646725977376e-02	1.151115392445943020e-01
7.790819925685329439e-01	1.324136747977123531e-02	1.150711409510274813e-01
7.737081191875567754e-01	1.323104236374862165e-02	1.150262681466656250e-01
7.683713131696954246e-01	1.324429110933176765e-02	1.150838438241083700e-01
7.630713188354211196e-01	1.328081109811635532e-02	1.152424014766976063e-01
7.578078822688066873e-01	1.331810260280050055e-02	1.154040839953270475e-01
7.525807513053606179e-01	1.336305872633785849e-02	1.155986969058815095e-01
7.473896755199462838e-01	1.336302067941867039e-02	1.155985323411100746e-01
7.422344062147842036e-01	1.336367920499325311e-02	1.156013806361898683e-01
7.371146964075376840e-01	1.339074105320693132e-02	1.157183695581947419e-01
7.320303008194797290e-01	1.338820940970140115e-02	1.157074302268501775e-01
7.269809758637425512e-01	1.340037795683840169e-02	1.157600015412854205e-01
7.219664796336470181e-01	1.344194258855023992e-02	1.159393918758859082e-01
7.169865718911136998e-01	1.345050359748693920e-02	1.159763061900444397e-01
7.120410140551531875e-01	1.330006983569704052e-02	1.153259287224561724e-01
7.071295691904361247e-01	1.330235785386964069e-02	1.153358480866622932e-01
7.022520019959417326e-01	1.327592377167857024e-02	1.152211949759182619e-01
6.974080787936848269e-01	1.326609778320175792e-02	1.151785474088024702e-01
6.925975675175211066e-01	1.331826856285545091e-02	1.154048030320031781e-01
6.878202377020281588e-01	1.323633585815833617e-02	1.150492757828502632e-01
6.830758604714654014e-01	1.323639810680368560e-02	1.150495463128980989e-01
6.783642085288079659e-01	1.324470252580366679e-02	1.150856312742979531e-01
6.736850561448575192e-01	1.325223980322414070e-02	1.151183730045909764e-01
6.690381791474279138e-01	1.326030048183759850e-02	1.151533780739305846e-01
6.644233549106055570e-01	1.326877187772131789e-02	1.151901552986248772e-01
6.598403623440832755e-01	1.328958533834495928e-02	1.152804638190919051e-01
6.552889818825683443e-01	1.328832752608705495e-02	1.152750082458771919e-01
6.507689954752635675e-01	1.329704373378166708e-02	1.153128081948474049e-01
6.462801865754204123e-01	1.331702159080970851e-02	1.153994003052429551e-01
6.418223401299650854e-01	1.327716744675364220e-02	1.152265917518766197e-01
6.373952425691947754e-01	1.328116753609046713e-02	1.152439479369327530e-01
6.329986817965465029e-01	1.328320023386617317e-02	1.152527667080759238e-01
6.286324471784356938e-01	1.329003729756659744e-02	1.152824240618083029e-01
6.242963295341648067e-01	1.329465343184928205e-02	1.153024433039009089e-01
6.199901211259020162e-01	1.329910677268322620e-02	1.153217532501272097e-01
6.157136156487283962e-01	1.330315943221084887e-02	1.153393230091578486e-01
6.114666082207544928e-01	1.331462818437938352e-02	1.153890297401767018e-01
6.072488953733043981e-01	1.332565174982829233e-02	1.154367868135123265e-01
6.030602750411681034e-01	1.332881277376429807e-02	1.154504775813608303e-01
5.989005465529207983e-01	1.335377274281243989e-02	1.155585251844814809e-01
5.947695106213083394e-01	1.335722469558657706e-02	1.155734601696539049e-01
5.906669693337006644e-01	1.336853646202157062e-02	1.156223873738194824e-01
5.865927261426092665e-01	1.335271374238817914e-02	1.155539429980136090e-01
5.825465858562712818e-01	1.334166927078793072e-02	1.155061438659776701e-01
5.785283546292978585e-01	1.334369836430500215e-02	1.155149270194333055e-01
5.745378399533873637e-01	1.334704423554166144e-02	1.155294085310820812e-01
5.705748506481025384e-01	1.335326397297146445e-02	1.155563238121197073e-01
5.666391968517114908e-01	1.335645900175017227e-02	1.155701475371134629e-01
5.627306900120911948e-01	1.335942621241770212e-02	1.155829840954874371e-01
5.588491428776946046e-01	1.336511457476883755e-02	1.156075887421273013e-01
5.549943694885798307e-01	1.337084222482495983e-02	1.156323580353914582e-01
5.511661851675001556e-01	1.337688883965040126e-02	1.156585009398375385e-01
5.473644065110576662e-01	1.338276213676928977e-02	1.156838888383740771e-01
5.435888513809152833e-01	1.338817763286652592e-02	1.157072929113222570e-01
5.398393388950721850e-01	1.339264895386586135e-02	1.157266129888275125e-01
5.361156894191964062e-01	1.339641899234104289e-02	1.157429003971346959e-01
5.324177245580203888e-01	1.340160612449910020e-02	1.157653062212470468e-01
5.287452671467928189e-01	1.340692068644555243e-02	1.157882579817381685e-01
5.250981412427919715e-01	1.341214373736604112e-02	1.158108101058188816e-01
5.214761721168960085e-01	1.341767567786597733e-02	1.158346911674821983e-01
5.178791862452121197e-01	1.342394494621364925e-02	1.158617492799657728e-01
5.143070113007631727e-01	1.343040605121140901e-02	1.158896287474052156e-01
5.107594761452314280e-01	1.343608421731332103e-02	1.159141243219018597e-01
5.072364108207600975e-01	1.344132324731963160e-02	1.159367208753103867e-01
5.037376465418106353e-01	1.344890406634336767e-02	1.159694100456813010e-01
5.002630156870762068e-01	1.345076231165675228e-02	1.159774215597878938e-01
4.968123517914513343e-01	1.345525314062329461e-02	1.159967807338776746e-01
4.933854895380572203e-01	1.346058335432823855e-02	1.160197541556102357e-01
4.899822647503206396e-01	1.346598784463702916e-02	1.160430430686692632e-01
4.866025143841092859e-01	1.347152507784261759e-02	1.160668991480457296e-01
4.832460765199202424e-01	1.347695036941970112e-02	1.160902681942793252e-01
4.799127903551227425e-01	1.348251946063017993e-02	1.161142517550286801e-01
4.766024961962540551e-01	1.348816070138088123e-02	1.161385409817984604e-01
4.733150354513691038e-01	1.349366055466178285e-02	1.161622165536702472e-01
4.700502506224422117e-01	1.349921597303359831e-02	1.161861264223642137e-01
4.668079852978218036e-01	1.350454209344757912e-02	1.162090448005127508e-01
4.635880841447369005e-01	1.351002933680744110e-02	1.162326517670806691e-01
4.603903929018553498e-01	1.351557430743901937e-02	1.162565022157428379e-01
4.572147583718930708e-01	1.352121781971067464e-02	1.162807714960245459e-01
4.540610284142749808e-01	1.352689984351557531e-02	1.163052012745585534e-01
4.509290519378458262e-01	1.353249062480381751e-02	1.163292337497493223e-01
4.478186788936320273e-01	1.353818091325710918e-02	1.163536888682825954e-01
4.447297602676522077e-01	1.354383190624621272e-02	1.163779700211608481e-01
4.416621480737790706e-01	1.354943078848910160e-02	1.164020222697574186e-01
4.386156953466488484e-01	1.355475580725431888e-02	1.164248934174058753e-01
4.355902561346208790e-01	1.356031356161006146e-02	1.164487593820134337e-01
4.325856854927849771e-01	1.356591504747387510e-02	1.164728081891815425e-01
4.296018394760173775e-01	1.357153973983954084e-02	1.164969516332489269e-01
4.266385751320844189e-01	1.357720750488056183e-02	1.165212749023995242e-01
4.236957504947940767e-01	1.358288685099204481e-02	1.165456427799514277e-01
4.207732245771945156e-01	1.358854126682073303e-02	1.165698986309104263e-01
4.178708573648192703e-01	1.359417642951378687e-02	1.165940668709767036e-01
4.149885098089797775e-01	1.359981258193316070e-02	1.166182343458052884e-01
4.121260438201034271e-01	1.360549866331093802e-02	1.166426108388822769e-01
4.092833222611180766e-01	1.361119543108858278e-02	1.166670280374390162e-01
4.064602089408816399e-01	1.361691210760249300e-02	1.166915254318088568e-01
4.036565686076579729e-01	1.362263462488044752e-02	1.167160427057071237e-01
4.008722669426363905e-01	1.362835458847641568e-02	1.167405438931839873e-01
3.981071705534972027e-01	1.363403976741477293e-02	1.167648909878940128e-01
